0.000000
1.785566
1.156434
-0.059448
0.309017
0.675577
-0.546010
-1.184608
0.587785
2.356555
1.707107
0.467513
0.809017
1.145533
-0.108993
-0.783227
0.951057
2.679477
1.987688
0.704024
1.000000
1.289811
-0.012312
-0.734737
0.951057
2.630986
1.891007
0.559747
0.809017
1.053299
-0.292893
-1.057659
0.587785
2.229605
1.453990
0.089790
0.309017
0.526339
-0.843566
-1.628648
0.000000
1.628648
0.843566
-0.526339
-0.309017
-0.089790
-1.453990
-2.229605
-0.587785
1.057659
0.292893
-1.053299
-0.809017
-0.559747
-1.891007
-2.630986
-0.951057
0.734737
0.012312
-1.289811
-1.000000
-0.704024
-1.987688
-2.679477
-0.951057
0.783227
0.108993
-1.145533
-0.809017
-0.467513
-1.707107
-2.356555
-0.587785
1.184608
0.546010
-0.675577
-0.309017
0.059448
-1.156434
-1.785566
0.000000
1.785566
1.156434
-0.059448
0.309017
0.675577
-0.546010
-1.184608
0.587785
2.356555
1.707107
0.467513
0.809017
1.145533
-0.108993
-0.783227
0.951057
2.679477
1.987688
0.704024
1.000000
1.289811
-0.012312
-0.734737
0.951057
2.630986
1.891007
0.559747
0.809017
1.053299
-0.292893
-1.057659
0.587785
2.229605
1.453990
0.089790
0.309017
0.526339
-0.843566
-1.628648
0.000000
1.628648
0.843566
-0.526339
-0.309017
-0.089790
-1.453990
-2.229605
-0.587785
1.057659
0.292893
-1.053299
-0.809017
-0.559747
-1.891007
-2.630986
-0.951057
0.734737
0.012312
-1.289811
-1.000000
-0.704024
-1.987688
-2.679477
-0.951057
0.783227
0.108993
-1.145533
-0.809017
-0.467513
-1.707107
-2.356555
-0.587785
1.184608
0.546010
-0.675577
-0.309017
0.059448
-1.156434
-1.785566
0.000000
1.785566
1.156434
-0.059448
0.309017
0.675577
-0.546010
-1.184608
0.587785
2.356555
1.707107
0.467513
0.809017
1.145533
-0.108993
-0.783227
0.951057
2.679477
1.987688
0.704024
1.000000
1.289811
-0.012312
-0.734737
0.951057
2.630986
1.891007
0.559747
0.809017
1.053299
-0.292893
-1.057659
0.587785
2.229605
1.453990
0.089790
0.309017
0.526339
-0.843566
-1.628648
0.000000
1.628648
0.843566
-0.526339
-0.309017
-0.089790
-1.453990
-2.229605
-0.587785
1.057659
0.292893
-1.053299
-0.809017
-0.559747
-1.891007
-2.630986
-0.951057
0.734737
0.012312
-1.289811
-1.000000
-0.704024
-1.987688
-2.679477
-0.951057
0.783227
0.108993
-1.145533
-0.809017
-0.467513
-1.707107
-2.356555
-0.587785
1.184608
0.546010
-0.675577
-0.309017
0.059448
-1.156434
-1.785566
0.000000
1.785566
1.156434
-0.059448
0.309017
0.675577
-0.546010
-1.184608
0.587785
2.356555
1.707107
0.467513
0.809017
1.145533
-0.108993
-0.783227
0.951057
2.679477
1.987688
0.704024
1.000000
1.289811
-0.012312
-0.734737
0.951057
2.630986
1.891007
0.559747
0.809017
1.053299
-0.292893
-1.057659
0.587785
2.229605
1.453990
0.089790
0.309017
0.526339
-0.843566
-1.628648
0.000000
1.628648
0.843566
-0.526339
-0.309017
-0.089790
-1.453990
-2.229605
-0.587785
1.057659
0.292893
-1.053299
-0.809017
-0.559747
-1.891007
-2.630986
-0.951057
0.734737
0.012312
-1.289811
-1.000000
-0.704024
-1.987688
-2.679477
-0.951057
0.783227
0.108993
-1.145533
-0.809017
-0.467513
-1.707107
-2.356555
-0.587785
1.184608
0.546010
-0.675577
-0.309017
0.059448
-1.156434
-1.785566
0.000000
1.785566
1.156434
-0.059448
0.309017
0.675577
-0.546010
-1.184608
0.587785
2.356555
1.707107
0.467513
0.809017
1.145533
-0.108993
-0.783227
0.951057
2.679477
1.987688
0.704024
1.000000
1.289811
-0.012312
-0.734737
0.951057
2.630986
1.891007
0.559747
0.809017
1.053299
-0.292893
-1.057659
0.587785
2.229605
1.453990
0.089790
0.309017
0.526339
-0.843566
-1.628648
-0.000000
1.628648
0.843566
-0.526339
-0.309017
-0.089790
-1.453990
-2.229605
-0.587785
1.057659
0.292893
-1.053299
-0.809017
-0.559747
-1.891007
-2.630986
-0.951057
0.734737
0.012312
-1.289811
-1.000000
-0.704024
-1.987688
-2.679477
-0.951057
0.783227
0.108993
-1.145533
-0.809017
-0.467513
-1.707107
-2.356555
-0.587785
1.184608
0.546010
-0.675577
-0.309017
0.059448
-1.156434
-1.785566
0.000000
1.785566
1.156434
-0.059448
0.309017
0.675577
-0.546010
-1.184608
0.587785
2.356555
1.707107
0.467513
0.809017
1.145533
-0.108993
-0.783227
0.951057
2.679477
1.987688
0.704024
1.000000
1.289811
-0.012312
-0.734737
0.951057
2.630986
1.891007
0.559747
0.809017
1.053299
-0.292893
-1.057659
0.587785
2.229605
1.453990
0.089790
0.309017
0.526339
-0.843566
-1.628648
0.000000
1.628648
0.843566
-0.526339
-0.309017
-0.089790
-1.453990
-2.229605
-0.587785
1.057659
0.292893
-1.053299
-0.809017
-0.559747
-1.891007
-2.630986
-0.951057
0.734737
0.012312
-1.289811
-1.000000
-0.704024
-1.987688
-2.679477
-0.951057
0.783227
0.108993
-1.145533
-0.809017
-0.467513
-1.707107
-2.356555
-0.587785
1.184608
0.546010
-0.675577
-0.309017
0.059448
-1.156434
-1.785566
0.000000
1.785566
1.156434
-0.059448
0.309017
0.675577
-0.546010
-1.184608
0.587785
2.356555
1.707107
0.467513
0.809017
1.145533
-0.108993
-0.783227
0.951057
2.679477
1.987688
0.704024
1.000000
1.289811
-0.012312
-0.734737
0.951057
2.630986
1.891007
0.559747
0.809017
1.053299
-0.292893
-1.057659
0.587785
2.229605
1.453990
0.089790
0.309017
0.526339
-0.843566
-1.628648
0.000000
1.628648
0.843566
-0.526339
-0.309017
-0.089790
-1.453990
-2.229605
-0.587785
1.057659
0.292893
-1.053299
-0.809017
-0.559747
-1.891007
-2.630986
-0.951057
0.734737
0.012312
-1.289811
-1.000000
-0.704024
-1.987688
-2.679477
-0.951057
0.783227
0.108993
-1.145533
-0.809017
-0.467513
-1.707107
-2.356555
-0.587785
1.184608
0.546010
-0.675577
-0.309017
0.059448
-1.156434
-1.785566
-0.000000
1.785566
1.156434
-0.059448
0.309017
0.675577
-0.546010
-1.184608
0.587785
2.356555
1.707107
0.467513
0.809017
1.145533
-0.108993
-0.783227
0.951057
2.679477
1.987688
0.704024
1.000000
1.289811
-0.012312
-0.734737
0.951057
2.630986
1.891007
0.559747
0.809017
1.053299
-0.292893
-1.057659
0.587785
2.229605
1.453990
0.089790
0.309017
0.526339
-0.843566
-1.628648
-0.000000
1.628648
0.843566
-0.526339
-0.309017
-0.089790
-1.453990
-2.229605
-0.587785
1.057659
0.292893
-1.053299
-0.809017
-0.559747
-1.891007
-2.630986
-0.951057
0.734737
0.012312
-1.289811
-1.000000
-0.704024
-1.987688
-2.679477
-0.951057
0.783227
0.108993
-1.145533
-0.809017
-0.467513
-1.707107
-2.356555
-0.587785
1.184608
0.546010
-0.675577
-0.309017
0.059448
-1.156434
-1.785566
0.000000
1.785566
1.156434
-0.059448
0.309017
0.675577
-0.546010
-1.184608
0.587785
2.356555
1.707107
0.467513
0.809017
1.145533
-0.108993
-0.783227
0.951057
2.679477
1.987688
0.704024
1.000000
1.289811
-0.012312
-0.734737
0.951057
2.630986
1.891007
0.559747
0.809017
1.053299
-0.292893
-1.057659
0.587785
2.229605
1.453990
0.089790
0.309017
0.526339
-0.843566
-1.628648
0.000000
1.628648
0.843566
-0.526339
-0.309017
-0.089790
-1.453990
-2.229605
-0.587785
1.057659
0.292893
-1.053299
-0.809017
-0.559747
-1.891007
-2.630986
-0.951057
0.734737
0.012312
-1.289811
-1.000000
-0.704024
-1.987688
-2.679477
-0.951057
0.783227
0.108993
-1.145533
-0.809017
-0.467513
-1.707107
-2.356555
-0.587785
1.184608
0.546010
-0.675577
-0.309017
0.059448
-1.156434
-1.785566
-0.000000
1.785566
1.156434
-0.059448
0.309017
0.675577
-0.546010
-1.184608
0.587785
2.356555
1.707107
0.467513
0.809017
1.145533
-0.108993
-0.783227
0.951057
2.679477
1.987688
0.704024
1.000000
1.289811
-0.012312
-0.734737
0.951057
2.630986
1.891007
0.559747
0.809017
1.053299
-0.292893
-1.057659
0.587785
2.229605
1.453990
0.089790
0.309017
0.526339
-0.843566
-1.628648
-0.000000
1.628648
0.843566
-0.526339
-0.309017
-0.089790
-1.453990
-2.229605
-0.587785
1.057659
0.292893
-1.053299
-0.809017
-0.559747
-1.891007
-2.630986
-0.951057
0.734737
0.012312
-1.289811
-1.000000
-0.704024
-1.987688
-2.679477
-0.951057
0.783227
0.108993
-1.145533
-0.809017
-0.467513
-1.707107
-2.356555
-0.587785
1.184608
0.546010
-0.675577
-0.309017
0.059448
-1.156434
-1.785566
800